VOCdevkit/VOC2012/ImagesSets/QR-00864.jpg 0.043750000000000004 0.12641509433962264 0.0625 0.09433962264150944
VOCdevkit/VOC2012/ImagesSets/QR-00864.jpg 0.14250000000000002 0.12641509433962264 0.06 0.09433962264150944
VOCdevkit/VOC2012/ImagesSets/QR-00864.jpg 0.24375 0.12735849056603774 0.0625 0.09245283018867925
VOCdevkit/VOC2012/ImagesSets/QR-00864.jpg 0.340625 0.12924528301886792 0.058750000000000004 0.08867924528301886
VOCdevkit/VOC2012/ImagesSets/QR-00864.jpg 0.44125000000000003 0.12547169811320755 0.06 0.09245283018867925
VOCdevkit/VOC2012/ImagesSets/QR-00864.jpg 0.536875 0.12547169811320755 0.06125 0.09245283018867925
VOCdevkit/VOC2012/ImagesSets/QR-00864.jpg 0.63375 0.12358490566037736 0.0625 0.09245283018867925
VOCdevkit/VOC2012/ImagesSets/QR-00864.jpg 0.7325 0.12452830188679245 0.06 0.09056603773584906
VOCdevkit/VOC2012/ImagesSets/QR-00864.jpg 0.8325 0.12452830188679245 0.06 0.09433962264150944
VOCdevkit/VOC2012/ImagesSets/QR-00864.jpg 0.928125 0.12264150943396226 0.06125 0.09433962264150944
VOCdevkit/VOC2012/ImagesSets/QR-00864.jpg 0.041875 0.24339622641509434 0.06125 0.09433962264150944
VOCdevkit/VOC2012/ImagesSets/QR-00864.jpg 0.141875 0.24339622641509434 0.06125 0.09056603773584906
VOCdevkit/VOC2012/ImagesSets/QR-00864.jpg 0.241875 0.24433962264150944 0.06125 0.09245283018867925
VOCdevkit/VOC2012/ImagesSets/QR-00864.jpg 0.34125 0.24339622641509434 0.0625 0.09056603773584906
VOCdevkit/VOC2012/ImagesSets/QR-00864.jpg 0.44 0.24433962264150944 0.06 0.09245283018867925
VOCdevkit/VOC2012/ImagesSets/QR-00864.jpg 0.53625 0.24339622641509434 0.06 0.09056603773584906
VOCdevkit/VOC2012/ImagesSets/QR-00864.jpg 0.634375 0.24245283018867925 0.06125 0.09245283018867925
VOCdevkit/VOC2012/ImagesSets/QR-00864.jpg 0.7325 0.24339622641509434 0.06 0.09056603773584906
VOCdevkit/VOC2012/ImagesSets/QR-00864.jpg 0.831875 0.24150943396226415 0.058750000000000004 0.09056603773584906
VOCdevkit/VOC2012/ImagesSets/QR-00864.jpg 0.928125 0.24056603773584906 0.058750000000000004 0.08867924528301886
VOCdevkit/VOC2012/ImagesSets/QR-00864.jpg 0.041875 0.3613207547169811 0.06125 0.09245283018867925
VOCdevkit/VOC2012/ImagesSets/QR-00864.jpg 0.14125000000000001 0.3613207547169811 0.0625 0.09245283018867925
VOCdevkit/VOC2012/ImagesSets/QR-00864.jpg 0.241875 0.360377358490566 0.06125 0.09433962264150944
VOCdevkit/VOC2012/ImagesSets/QR-00864.jpg 0.340625 0.3594339622641509 0.06125 0.09245283018867925
VOCdevkit/VOC2012/ImagesSets/QR-00864.jpg 0.44 0.360377358490566 0.06 0.09056603773584906
VOCdevkit/VOC2012/ImagesSets/QR-00864.jpg 0.5375 0.3613207547169811 0.06 0.09245283018867925
VOCdevkit/VOC2012/ImagesSets/QR-00864.jpg 0.634375 0.3594339622641509 0.06125 0.09245283018867925
VOCdevkit/VOC2012/ImagesSets/QR-00864.jpg 0.7325 0.3584905660377358 0.06 0.09056603773584906
VOCdevkit/VOC2012/ImagesSets/QR-00864.jpg 0.8325 0.3584905660377358 0.06 0.09433962264150944
VOCdevkit/VOC2012/ImagesSets/QR-00864.jpg 0.9275 0.35660377358490564 0.06 0.09433962264150944
VOCdevkit/VOC2012/ImagesSets/QR-00864.jpg 0.043125000000000004 0.47641509433962265 0.06125 0.09245283018867925
VOCdevkit/VOC2012/ImagesSets/QR-00864.jpg 0.143125 0.47830188679245284 0.06125 0.09245283018867925
VOCdevkit/VOC2012/ImagesSets/QR-00864.jpg 0.2425 0.47735849056603774 0.06 0.09056603773584906
VOCdevkit/VOC2012/ImagesSets/QR-00864.jpg 0.341875 0.47830188679245284 0.06125 0.09245283018867925
VOCdevkit/VOC2012/ImagesSets/QR-00864.jpg 0.441875 0.47735849056603774 0.058750000000000004 0.09056603773584906
VOCdevkit/VOC2012/ImagesSets/QR-00864.jpg 0.538125 0.47735849056603774 0.058750000000000004 0.09056603773584906
VOCdevkit/VOC2012/ImagesSets/QR-00864.jpg 0.635 0.47547169811320755 0.06 0.09056603773584906
VOCdevkit/VOC2012/ImagesSets/QR-00864.jpg 0.73375 0.47641509433962265 0.06 0.09245283018867925
VOCdevkit/VOC2012/ImagesSets/QR-00864.jpg 0.92875 0.47358490566037736 0.06 0.09056603773584906
VOCdevkit/VOC2012/ImagesSets/QR-00864.jpg 0.045625 0.5915094339622642 0.06125 0.09245283018867925
VOCdevkit/VOC2012/ImagesSets/QR-00864.jpg 0.14375000000000002 0.5924528301886792 0.06 0.09056603773584906
VOCdevkit/VOC2012/ImagesSets/QR-00864.jpg 0.244375 0.5933962264150944 0.06125 0.09245283018867925
VOCdevkit/VOC2012/ImagesSets/QR-00864.jpg 0.3425 0.5924528301886792 0.06 0.09056603773584906
VOCdevkit/VOC2012/ImagesSets/QR-00864.jpg 0.441875 0.5933962264150944 0.058750000000000004 0.08867924528301886
VOCdevkit/VOC2012/ImagesSets/QR-00864.jpg 0.538125 0.5924528301886792 0.06125 0.09056603773584906
VOCdevkit/VOC2012/ImagesSets/QR-00864.jpg 0.045 0.710377358490566 0.0625 0.09622641509433963
VOCdevkit/VOC2012/ImagesSets/QR-00864.jpg 0.14625 0.7084905660377359 0.06 0.09245283018867925
VOCdevkit/VOC2012/ImagesSets/QR-00864.jpg 0.245 0.7094339622641509 0.0575 0.09056603773584906
VOCdevkit/VOC2012/ImagesSets/QR-00864.jpg 0.343125 0.7084905660377359 0.06125 0.08867924528301886
VOCdevkit/VOC2012/ImagesSets/QR-00864.jpg 0.441875 0.7094339622641509 0.058750000000000004 0.09056603773584906
VOCdevkit/VOC2012/ImagesSets/QR-00864.jpg 0.538125 0.7084905660377359 0.06125 0.09245283018867925
VOCdevkit/VOC2012/ImagesSets/QR-00864.jpg 0.635 0.7075471698113207 0.0625 0.09056603773584906
VOCdevkit/VOC2012/ImagesSets/QR-00864.jpg 0.73375 0.589622641509434 0.0625 0.09245283018867925
VOCdevkit/VOC2012/ImagesSets/QR-00864.jpg 0.9293750000000001 0.5877358490566038 0.06125 0.09622641509433963
