VOCdevkit/VOC2012/ImagesSets/QR-00895.jpg 0.266 0.33999999999999997 0.1 0.13599999999999998
VOCdevkit/VOC2012/ImagesSets/QR-00895.jpg 0.396 0.3413333333333333 0.1 0.13333333333333333
VOCdevkit/VOC2012/ImagesSets/QR-00895.jpg 0.523 0.3413333333333333 0.098 0.13333333333333333
VOCdevkit/VOC2012/ImagesSets/QR-00895.jpg 0.65 0.3413333333333333 0.1 0.13333333333333333
VOCdevkit/VOC2012/ImagesSets/QR-00895.jpg 0.779 0.3426666666666667 0.098 0.13066666666666665
VOCdevkit/VOC2012/ImagesSets/QR-00895.jpg 0.269 0.532 0.098 0.13599999999999998
VOCdevkit/VOC2012/ImagesSets/QR-00895.jpg 0.395 0.5346666666666666 0.098 0.13599999999999998
VOCdevkit/VOC2012/ImagesSets/QR-00895.jpg 0.523 0.5373333333333333 0.098 0.13599999999999998
VOCdevkit/VOC2012/ImagesSets/QR-00895.jpg 0.647 0.5373333333333333 0.098 0.13599999999999998
VOCdevkit/VOC2012/ImagesSets/QR-00895.jpg 0.776 0.5373333333333333 0.1 0.13599999999999998
VOCdevkit/VOC2012/ImagesSets/QR-00895.jpg 0.33 0.724 0.1 0.13599999999999998
VOCdevkit/VOC2012/ImagesSets/QR-00895.jpg 0.456 0.7213333333333333 0.1 0.13599999999999998
VOCdevkit/VOC2012/ImagesSets/QR-00895.jpg 0.582 0.724 0.1 0.13599999999999998
VOCdevkit/VOC2012/ImagesSets/QR-00895.jpg 0.708 0.724 0.1 0.13599999999999998
VOCdevkit/VOC2012/ImagesSets/QR-00895.jpg 0.464 0.8866666666666666 0.064 0.08266666666666667
VOCdevkit/VOC2012/ImagesSets/QR-00895.jpg 0.5740000000000001 0.8866666666666666 0.064 0.08266666666666667
