VOCdevkit/VOC2012/ImagesSets/QR-00665.jpg 0.67109375 0.26718403547671843 0.1046875 0.15299334811529933
VOCdevkit/VOC2012/ImagesSets/QR-00665.jpg 0.7820312500000001 0.2660753880266075 0.1078125 0.15077605321507762
VOCdevkit/VOC2012/ImagesSets/QR-00665.jpg 0.8921875 0.2660753880266075 0.10625000000000001 0.15521064301552107
VOCdevkit/VOC2012/ImagesSets/QR-00665.jpg 0.671875 0.45454545454545453 0.10312500000000001 0.15077605321507762
VOCdevkit/VOC2012/ImagesSets/QR-00665.jpg 0.78125 0.4534368070953437 0.10625000000000001 0.15299334811529933
VOCdevkit/VOC2012/ImagesSets/QR-00665.jpg 0.89375 0.4556541019955654 0.10625000000000001 0.15299334811529933
VOCdevkit/VOC2012/ImagesSets/QR-00665.jpg 0.67109375 0.6352549889135255 0.1046875 0.14855875831485588
VOCdevkit/VOC2012/ImagesSets/QR-00665.jpg 0.78125 0.6363636363636364 0.10312500000000001 0.15077605321507762
VOCdevkit/VOC2012/ImagesSets/QR-00665.jpg 0.89375 0.6352549889135255 0.10312500000000001 0.14855875831485588
VOCdevkit/VOC2012/ImagesSets/QR-00665.jpg 0.6726562500000001 0.8104212860310421 0.1015625 0.15299334811529933
VOCdevkit/VOC2012/ImagesSets/QR-00665.jpg 0.7820312500000001 0.8126385809312638 0.1046875 0.15299334811529933
VOCdevkit/VOC2012/ImagesSets/QR-00665.jpg 0.89375 0.8126385809312638 0.10625000000000001 0.15299334811529933
