VOCdevkit/VOC2012/ImagesSets/QR-00657.jpg 0.1728515625 0.4663250366032211 0.08984375 0.1273792093704246
VOCdevkit/VOC2012/ImagesSets/QR-00657.jpg 0.23876953125 0.3967789165446559 0.0908203125 0.12884333821376281
VOCdevkit/VOC2012/ImagesSets/QR-00657.jpg 0.29443359375 0.3323572474377745 0.0869140625 0.11420204978038068
VOCdevkit/VOC2012/ImagesSets/QR-00657.jpg 0.24267578125 0.5739385065885798 0.0869140625 0.1259150805270864
VOCdevkit/VOC2012/ImagesSets/QR-00657.jpg 0.3017578125 0.5014641288433382 0.087890625 0.11859443631039532
VOCdevkit/VOC2012/ImagesSets/QR-00657.jpg 0.35546875 0.4341142020497804 0.078125 0.11566617862371889
VOCdevkit/VOC2012/ImagesSets/QR-00657.jpg 0.3046875 0.6771595900439239 0.087890625 0.13030746705710103
VOCdevkit/VOC2012/ImagesSets/QR-00657.jpg 0.36083984375 0.602489019033675 0.0791015625 0.12445095168374817
VOCdevkit/VOC2012/ImagesSets/QR-00657.jpg 0.4150390625 0.5322108345534408 0.083984375 0.11273792093704246
VOCdevkit/VOC2012/ImagesSets/QR-00657.jpg 0.4130859375 0.5292825768667643 0.083984375 0.11273792093704246
VOCdevkit/VOC2012/ImagesSets/QR-00657.jpg 0.3681640625 0.7693997071742313 0.080078125 0.12445095168374817
VOCdevkit/VOC2012/ImagesSets/QR-00657.jpg 0.4189453125 0.6976573938506588 0.080078125 0.12445095168374817
VOCdevkit/VOC2012/ImagesSets/QR-00657.jpg 0.4716796875 0.6273792093704246 0.078125 0.12152269399707175
VOCdevkit/VOC2012/ImagesSets/QR-00657.jpg 0.4794921875 0.7986822840409956 0.076171875 0.11859443631039532
VOCdevkit/VOC2012/ImagesSets/QR-00657.jpg 0.53125 0.732796486090776 0.078125 0.11566617862371889
