VOCdevkit/VOC2012/ImagesSets/QR-00845.jpg 0.21372549019607842 0.14313725490196078 0.11764705882352941 0.11372549019607843
VOCdevkit/VOC2012/ImagesSets/QR-00845.jpg 0.5470588235294117 0.14607843137254903 0.11764705882352941 0.11568627450980393
VOCdevkit/VOC2012/ImagesSets/QR-00845.jpg 0.8931372549019607 0.14313725490196078 0.15098039215686274 0.15294117647058825
VOCdevkit/VOC2012/ImagesSets/QR-00845.jpg 0.24803921568627452 0.3735294117647059 0.1392156862745098 0.14313725490196078
VOCdevkit/VOC2012/ImagesSets/QR-00845.jpg 0.5647058823529412 0.37549019607843137 0.14509803921568626 0.14313725490196078
VOCdevkit/VOC2012/ImagesSets/QR-00845.jpg 0.8990196078431373 0.41470588235294115 0.13529411764705881 0.1392156862745098
VOCdevkit/VOC2012/ImagesSets/QR-00845.jpg 0.1284313725490196 0.7186274509803922 0.14313725490196078 0.11176470588235293
VOCdevkit/VOC2012/ImagesSets/QR-00845.jpg 0.37254901960784315 0.7205882352941176 0.13725490196078433 0.11568627450980393
VOCdevkit/VOC2012/ImagesSets/QR-00845.jpg 0.6186274509803922 0.7627450980392156 0.1392156862745098 0.13333333333333333
VOCdevkit/VOC2012/ImagesSets/QR-00845.jpg 0.8627450980392157 0.7558823529411764 0.14509803921568626 0.14313725490196078
