VOCdevkit/VOC2012/ImagesSets/QR-00228.jpg 0.12548828125 0.3794788273615635 0.0517578125 0.08794788273615635
VOCdevkit/VOC2012/ImagesSets/QR-00228.jpg 0.236328125 0.3794788273615635 0.0546875 0.08794788273615635
VOCdevkit/VOC2012/ImagesSets/QR-00228.jpg 0.125 0.47149837133550493 0.052734375 0.08306188925081434
VOCdevkit/VOC2012/ImagesSets/QR-00228.jpg 0.236328125 0.47149837133550493 0.048828125 0.08306188925081434
VOCdevkit/VOC2012/ImagesSets/QR-00228.jpg 0.12353515625 0.5610749185667753 0.0517578125 0.08306188925081434
VOCdevkit/VOC2012/ImagesSets/QR-00228.jpg 0.236328125 0.5610749185667753 0.05078125 0.08306188925081434
VOCdevkit/VOC2012/ImagesSets/QR-00228.jpg 0.12451171875 0.6547231270358307 0.0537109375 0.08469055374592835
VOCdevkit/VOC2012/ImagesSets/QR-00228.jpg 0.23583984375 0.6547231270358307 0.0478515625 0.08143322475570033
VOCdevkit/VOC2012/ImagesSets/QR-00228.jpg 0.3466796875 0.3794788273615635 0.052734375 0.08794788273615635
VOCdevkit/VOC2012/ImagesSets/QR-00228.jpg 0.458984375 0.3802931596091205 0.048828125 0.07980456026058633
VOCdevkit/VOC2012/ImagesSets/QR-00228.jpg 0.34716796875 0.4698697068403909 0.0517578125 0.08306188925081434
VOCdevkit/VOC2012/ImagesSets/QR-00228.jpg 0.4580078125 0.4698697068403909 0.046875 0.07980456026058633
VOCdevkit/VOC2012/ImagesSets/QR-00228.jpg 0.34716796875 0.6473941368078177 0.0498046875 0.07980456026058633
VOCdevkit/VOC2012/ImagesSets/QR-00228.jpg 0.458984375 0.6490228013029317 0.048828125 0.07980456026058633
VOCdevkit/VOC2012/ImagesSets/QR-00228.jpg 0.125 0.8175895765472313 0.048828125 0.08143322475570033
VOCdevkit/VOC2012/ImagesSets/QR-00228.jpg 0.23583984375 0.8159609120521173 0.0498046875 0.07817589576547232
VOCdevkit/VOC2012/ImagesSets/QR-00228.jpg 0.12451171875 0.9047231270358307 0.0478515625 0.07980456026058633
VOCdevkit/VOC2012/ImagesSets/QR-00228.jpg 0.23583984375 0.9079804560260587 0.0498046875 0.07980456026058633
VOCdevkit/VOC2012/ImagesSets/QR-00228.jpg 0.3466796875 0.8175895765472313 0.048828125 0.08143322475570033
VOCdevkit/VOC2012/ImagesSets/QR-00228.jpg 0.45849609375 0.8184039087947883 0.0498046875 0.08631921824104236
VOCdevkit/VOC2012/ImagesSets/QR-00228.jpg 0.3466796875 0.9079804560260587 0.05078125 0.08306188925081434
VOCdevkit/VOC2012/ImagesSets/QR-00228.jpg 0.45849609375 0.9079804560260587 0.0478515625 0.08306188925081434
VOCdevkit/VOC2012/ImagesSets/QR-00228.jpg 0.59423828125 0.3802931596091205 0.0517578125 0.08631921824104236
VOCdevkit/VOC2012/ImagesSets/QR-00228.jpg 0.705078125 0.3786644951140065 0.05078125 0.08631921824104236
VOCdevkit/VOC2012/ImagesSets/QR-00228.jpg 0.59326171875 0.4706840390879479 0.0517578125 0.08469055374592835
VOCdevkit/VOC2012/ImagesSets/QR-00228.jpg 0.59423828125 0.5643322475570033 0.0517578125 0.07980456026058633
VOCdevkit/VOC2012/ImagesSets/QR-00228.jpg 0.70458984375 0.4690553745928339 0.0498046875 0.07817589576547232
VOCdevkit/VOC2012/ImagesSets/QR-00228.jpg 0.705078125 0.5627035830618893 0.05078125 0.08631921824104236
VOCdevkit/VOC2012/ImagesSets/QR-00228.jpg 0.59423828125 0.6563517915309447 0.0517578125 0.08794788273615635
VOCdevkit/VOC2012/ImagesSets/QR-00228.jpg 0.705078125 0.6571661237785017 0.048828125 0.07980456026058633
VOCdevkit/VOC2012/ImagesSets/QR-00228.jpg 0.81689453125 0.38192182410423453 0.0517578125 0.07980456026058633
VOCdevkit/VOC2012/ImagesSets/QR-00228.jpg 0.92822265625 0.3794788273615635 0.0498046875 0.08143322475570033
VOCdevkit/VOC2012/ImagesSets/QR-00228.jpg 0.81689453125 0.4682410423452769 0.0517578125 0.07980456026058633
VOCdevkit/VOC2012/ImagesSets/QR-00228.jpg 0.92822265625 0.4698697068403909 0.0478515625 0.08306188925081434
VOCdevkit/VOC2012/ImagesSets/QR-00228.jpg 0.81689453125 0.6465798045602607 0.0478515625 0.08143322475570033
VOCdevkit/VOC2012/ImagesSets/QR-00228.jpg 0.92822265625 0.6490228013029317 0.0498046875 0.07980456026058633
VOCdevkit/VOC2012/ImagesSets/QR-00228.jpg 0.59375 0.8167752442996743 0.048828125 0.08631921824104236
VOCdevkit/VOC2012/ImagesSets/QR-00228.jpg 0.7041015625 0.8167752442996743 0.048828125 0.08306188925081434
VOCdevkit/VOC2012/ImagesSets/QR-00228.jpg 0.59228515625 0.9063517915309447 0.0478515625 0.07980456026058633
VOCdevkit/VOC2012/ImagesSets/QR-00228.jpg 0.705078125 0.9071661237785017 0.05078125 0.08794788273615635
VOCdevkit/VOC2012/ImagesSets/QR-00228.jpg 0.81640625 0.8175895765472313 0.046875 0.08143322475570033
VOCdevkit/VOC2012/ImagesSets/QR-00228.jpg 0.81689453125 0.9087947882736157 0.0478515625 0.08143322475570033
VOCdevkit/VOC2012/ImagesSets/QR-00228.jpg 0.92822265625 0.8184039087947883 0.0478515625 0.07980456026058633
VOCdevkit/VOC2012/ImagesSets/QR-00228.jpg 0.92822265625 0.9079804560260587 0.0478515625 0.07980456026058633
